8743
13605
26619
18807
16058
15041
30828
6807
4419
2473
28519
25810
5712
31625
4596
8928
16457
20853
5099
5127
234
26505
3337
11490
1782
19404
17476
1378
1066
15450
17756
26642
3952
20675
29875
26271
30550
21166
5470
6039
6334
2498
30076
24945
3543
32454
13510
30414
18764
31238
22888
26622
29115
16633
10000
28102
4456
22306
27716
20832
28211
17972
14840
5572
7623
12665
14688
17958
10773
14452
5123
3520
23041
27846
8721
31953
29274
24398
21238
7910
784
2196
1071
18008
5281
4200
14940
12566
18901
14534
28823
27300
18859
28669
29189
3940
1427
19984
29098
21781
12253
349
21634
31897
30322
28284
25037
4347
21954
1898
19882
6064
6141
7655
20967
5661
21638
13596
18712
4186
933
5761
32742
25910
31356
11774
12458
11131
25404
29009
23867
29811
1432
22191
31491
6058
29562
7854
9561
27638
28149
30050
18955
4533
5756
11974
1081
12886
16465
8798
6506
22811
30271
27163
19673
18716
2188
2175
32016
29840
14122
14849
16312
31048
19501
30131
28592
18044
14978
24866
24924
20426
5341
15230
12608
29052
28915
1019
24781
27146
2794
24438
13690
3295
15629
348
3607
4704
8133
7112
8798
10539
26052
6891
24780
11420
18564
12209
24239
9366
6384
28065
3711
29312
18529
6
12401
20365
32203
14924
12618
65
2873
1964
27505
24881
22390
32268
32329
12554
4109
6176
12221
15316
14196
23254
3101
19320
25477
27121
14376
384
16429
20467
10602
32287
10856
32065
14536
30833
30573
17026
17241
11267
15397
19016
19831
16278
10466
22002
23574
2336
19790
16849
30805
21268
22690
5257
4435
1763
10776
7610
12356
24771
17826
26592
12996
4271
220
376
32618
27823
31807
24933
26785
6233
15512
27281
12723
17816
30905
21207
27175
29356
28527
28961
4941
18802
22964
14029
17431
998
19749
22614
16170
31206
8886
26928
12085
15417
13732
28403
32130
24783
3755
12220
30411
25674
20346
16336
12878
17598
29284
4739
28451
14773
12888
4697
23502
11639
12051
1130
31761
23432
8596
15115
8452
14449
13520
23466
10087
1731
22184
15354
28726
15706
5400
6737
18302
8927
23473
13646
11632
17040
9545
1726
13747
7748
30193
9664
28927
16809
12583
5160
5352
6865
8269
31522
22007
15341
15706
6936
10239
27224
5584
29397
22702
7895
23022
25066
14435
23327
27686
19024
17727
30871
1233
30032
3199
21600
15906
16288
13833
31891
7256
20687
28228
17097
26168
25058
8749
22497
25019
22336
16808
21757
18692
12747
31763
21966
2964
6992
11041
2066
12225
4641
24550
21594
26724
30720
17966
1041
13011
2111
21011
2234
4367
31014
27599
18553
13374
19605
3534
5077
11099
5098
2312
10428
27180
11045
25485
26311
15476
12107
1377
6336
31083
13320
10123
30562
2923
31895
14697
18783
8172
15335
12358
17576
5042
8182
29998
5352
28485
11393
25857
11089
1954
10464
5831
15260
5936
9516
23619
2635
25333
23202
12491
28722
16394
27468
2647
14133
3404
17630
16599
13395
30037
10974
32714
17124
3243
11271
30220
1310
8246
1776
14319
3550
18424
16873
1934
22438
4600
31269
30558
11489
22911
11807
6918
25967
7815
1846
14961
7517
29041
26266
15137
18676
18166
14700
13254
18934
18528
22561
24079
27172
29690
29992
23232
24323
8645
24268
31749
15072
16492
6235
2565
28434
24186
3720
13755
17279
21451
27406
11777
26466
8000
19350
2798
32587
19639
24539
866
21607
30523
13068
8415
2305
15223
9330
26011
30281
11889
21330
6355
5972
11381
533
11617
9573
5198
13478
30353
18795
17085
3612
7985
1738
25123
12697
5863
17246
25217
10865
27080
4285
11682
8079
13861
6845
27543
22037
13480
24375
27492
18243
1696
4874
1017
19866
16026
22626
356
11585
22321
10810
29252
31655
3111
8479
27009
10858
18868
30007
2106
14712
9757
24963
25599
21620
6537
19553
7489
24411
26641
22869
14854
13927
29206
18440
6369
9523
24279
17553
4130
22817
21826
3316
3402
21241
14091
4072
18626
7122
4604
26846
25036
16694
15244
23870
30393
23681
19122
16116
3421
10634
25595
22571
24512
28805
3035
17496
24854
18216
29504
23163
3825
27917
29293
3234
25270
18264
9734
24750
30541
16281
25191
26201
14109
2548
28986
20088
9784
5759
19785
1918
7378
12779
20624
834
1528
6503
2199
2562
30335
1473
9471
16039
12346
29134
13402
14410
25968
8205
9024
21752
20620
9095
12703
10674
29719
28665
21074
13240
5860
13621
10485
12040
20618
2502
6648
13857
14871
10451
8435
3852
5891
18246
24889
18845
2659
17452
9392
4855
11359
14431
15584
25166
5094
10595
31305
25329
10401
25487
11770
16263
20773
16237
26975
12952
20844
22115
28763
80
28038
27282
4502
15744
9356
1534
22809
2022
6102
5359
20760
5038
29293
32664
17678
12856
25795
1783
15120
13852
2210
26876
5978
22636
16739
4077
7727
825
27744
20745
18400
9560
30124
32364
6954
29541
9473
20530
452
14857
14073
26847
19257
9593
5761
30975
20980
8767
19083
17929
30361
15165
27652
6281
26012
6383
14342
21886
23308
1520
4686
18177
22703
7360
3056
22568
596
708
16969
18474
5221
21646
10806
6340
10428
10079
7043
15323
15799
17386
12455
17506
13199
32347
20142
7806
13285
20376
26998
4840
14238
5063
22558
6548
7921
4624
19900
16272
4030
12708
19022
9262
3618
32766
6132
20837
840
27753
10332
29557
9858
23746
26237
13258
31896
32639
20616
15139
24928
32496
28187
7923
20366
31173
30392
15879
23246
25809
15479
20586
4112
14861
12023
11910
12323
6368
2714
5003
30854
15261
2034
24341
28283
26190
8054
6665
24668
12976
13690
17087
4402
23934
16990
9319
17028
30962
19205
15781
4205
10378
15752
31359
21489
18952
1580
17785
32657
12220
28818
13310
10781
20485
10542
20994
15306
3606
29434
20710
29061
32758
25964
7580
10886
21962
18085
8715
13351
18007
21995
13749
2039
9411
6745
407
12298
923
2517
23376
17812
2331
7235
23430
15798
22697
7928
13190
30872
13730
23666
1578
18104
17241
27718
18432
22658
1629
16217
27304
19488
2811
15443
22398
19859
21764
81
32122
32003
31953
6107
30292
3923
7555
17429
1771
23801
30863
8249
32487
21261
29307
15172
15261
31391
19682
31216
21044
2638
16830
21731
9478
13846
25575
18214
26697
12650
26838
